time,x,y,z,phi,theta,psi,x_velocity,y_velocity,z_velocity,phi_velocity,theta_velocity,psi_velocity,rotor_speed1,rotor_speed2,rotor_speed3,rotor_speed4
0.06,4.814227918460823e-09,2.5678962351357484e-07,10.001551337258364,0.000264568633090434,6.283178461660778,0.0,4.842168944387367e-07,2.2250679751374155e-05,0.05170978768842199,0.01202404296706298,-0.0003432780359995558,0.0,421.59588817511286,421.5662353792442,420.4993848008904,421.5394527957134
0.12000000000000001,-2.756691253148019e-08,1.0681192819742044e-05,10.009272139869555,0.0005027787389426663,0.0002379393707530042,0.0,-1.5226081209276547e-05,0.00038831214179575334,0.20563431353953246,-0.021509218052582484,0.011714670092537243,0.0,452.7926804525567,453.76145938235265,455.4566860190052,452.76728478701295
0.18,-1.0267810648138052e-05,4.040002236143912e-05,10.028632798244585,6.282106672130032,0.0011456841385424354,0.0,-0.0004251425305886211,0.00043022170006667564,0.43965974086777,-0.03843913762577476,0.021206831129755643,0.0,476.9174638978584,477.64168313893816,478.5771392900098,477.2868646866588
0.23999999999999996,-6.366914837703019e-05,3.5942380597164335e-05,10.057598779001978,6.280015746797719,0.0022961096626410438,0.0,-0.0014762934688086146,-0.0007977093960776812,0.5258361165118779,-0.028493727403660338,0.014761802253959695,0.0,432.68185384190053,432.13896968884956,432.59257147180506,433.4285163533377
0.3,-0.00020877475373276726,-9.133908448204387e-05,10.09436955653273,6.278593393268142,0.0034014894297085263,0.0,-0.0034737515438657413,-0.0036199919074514425,0.6997647405523576,-0.01553144164845118,0.02489008137728313,0.0,460.2480730800136,461.0488000485249,458.98671708065615,460.0140751625961
0.36000000000000004,-0.0004813080118097981,-0.000391178648590903,10.136147487060335,6.2781490430161355,0.004714220779885814,0.0,-0.005732311567778322,-0.006430876699832981,0.6928364752534294,0.00524747152796206,0.015050251070410133,0.0,403.0957416914072,402.2057493661415,400.5282290196427,402.41338135068304
0.4200000000000001,-0.0009323886498514317,-0.0008859517022772161,10.181967420612988,6.278007755698685,0.005809181238213945,0.0,-0.009412025704049096,-0.010043256570947503,0.8344010748825519,-0.025374034094365644,0.023982276408901645,0.0,450.1578036944299,450.87983962647763,451.5437498960255,449.06705107303003
0.48000000000000015,-0.0016381324698708137,-0.0016154595932278545,10.237601013631304,6.27624742379291,0.007019974184757416,0.0,-0.014265347986076505,-0.014459353025177096,1.0199026657368826,-0.03876026269623911,0.01121807385979473,0.0,464.37126274425407,463.3690089760539,464.5932202463073,463.542361685232
0.5400000000000001,-0.002636612247750882,-0.0026296164504514222,10.30102074327871,6.273770191495457,0.008125455564031547,0.0,-0.01910699576593436,-0.019580577804638417,1.0940174138111136,-0.04689040016293637,0.02992184569497577,0.0,428.7902025888818,430.37598205529054,430.1286564956927,429.4386724896739
0.6000000000000002,-0.0040004157808461215,-0.004058075874666911,10.374546169081055,6.271105330030199,0.01069628120023669,0.0,-0.026635985947846802,-0.028376756878547023,1.356549944593599,-0.03987392689387596,0.06076483455109732,0.0,485.80147564090043,488.10916810739434,486.6979530958335,487.22180621824623
0.6600000000000003,-0.005869876796174736,-0.006059140029556591,10.4621294758895,6.268236988250118,0.013912675801096341,0.0,-0.036087990241169134,-0.03862117031643489,1.5626258503625965,-0.07257017360519215,0.03276230956933494,0.0,472.3315860194406,470.1688518097052,472.3742919763455,469.8448688901596
0.7200000000000003,-0.008355785730676732,-0.008729864655241004,10.560655971827407,6.263698115023008,0.016199365594687265,0.0,-0.0470096969554228,-0.050890586644590195,1.7213530307482556,-0.08264530130094906,0.047095558923685575,0.0,457.7068682687866,458.8467067182171,457.2808569252864,456.4732546505477
0.7800000000000004,-0.011519414880009174,-0.01220163898113763,10.66678146053993,6.258834969734819,0.019116303719362904,0.0,-0.058732999916235935,-0.06532895712838893,1.8160010565936997,-0.078044959337084,0.051493597803146794,0.0,438.0074753003419,438.3745463976785,438.006724174972,438.38369855481994
0.8400000000000004,-0.015452055279555984,-0.016643635009524767,10.778785203612138,6.253945303870367,0.02286374053068929,0.0,-0.0727073582252274,-0.08322118558454143,1.9172711706491854,-0.08947775028401979,0.07836111026877357,0.0,439.9424172054593,442.1639536569656,440.71769949863676,439.76626989302434
0.9000000000000005,-0.020300254580623716,-0.02225549733716614,10.896614053927982,6.2482796604542425,0.027607340480741982,0.0,-0.0893724741998325,-0.1043900940829796,2.010167100600725,-0.10682588968747739,0.08042155582536131,0.0,437.5446926722723,437.7212945283703,439.9098467265266,438.4631861839621
0.9600000000000005,-0.026261583355423165,-0.029276345613553727,11.020561411320944,6.241297952844839,0.03243610636269523,0.0,-0.10983328644734969,-0.13030514241487792,2.1211688767217627,-0.15375578286871427,0.08059486021139177,0.0,445.09351867771085,445.1129090595018,445.9173692782067,442.0534363545314
1.0200000000000005,-0.033706986802064194,-0.03821180225058736,11.15578652176063,6.232239149129988,0.03673817161428605,0.0,-0.13892424650928206,-0.16867409814841527,2.385743153056412,-0.14594369692067954,0.04059092128627043,0.0,491.98471372630445,489.0170499482196,490.9249629747697,491.48512878433553
1.0800000000000005,-0.04274913472023644,-0.04933036097062679,11.300239654178789,6.223216817301045,0.03890044260513825,0.0,-0.1626948598429656,-0.2027695714861418,2.4292098802933517,-0.16114114530619766,0.0248761054055527,0.0,426.0303115409468,424.6851835043865,424.70248451788126,423.37429627756416
1.1400000000000006,-0.053470066940296226,-0.06300666528446365,11.452757509776571,6.213749126967677,0.04021096220995357,0.0,-0.19482041955463264,-0.25422742307663987,2.6541336262525133,-0.15183246449891719,0.014953987478070963,0.0,482.02515942634267,481.27475879635875,480.01135901856156,480.69560006614387
1.2000000000000006,-0.0659756698494249,-0.07969412460545473,11.614470830819776,6.20423184358776,0.04186126630504905,0.0,-0.2221597745690649,-0.30292597253813786,2.7360327699201257,-0.1777917728793466,0.04505434172782673,0.0,437.3234347909463,439.8236538636823,440.01322954492554,437.8339632247407
1.2600000000000007,-0.0801536621359625,-0.09948535244229809,11.780896016131955,6.193903476929682,0.045158875831276646,0.0,-0.25073318245160137,-0.35779520519530783,2.8111763342108698,-0.162737846410288,0.0697026638424574,0.0,436.7071813393551,438.7602919121666,436.10200246176026,437.3283831403213
1.3200000000000007,-0.09614748753980384,-0.12283122209077223,11.95246796716773,6.184391090623652,0.049581312356751006,0.0,-0.2828222335450675,-0.421352259958501,2.9075148309259617,-0.15125295604813332,0.08070383199832364,0.0,443.5455206556398,444.4522855050693,444.7743259427668,445.69003999586664
1.3800000000000008,-0.11424203479014332,-0.15034530404552054,12.13140676000383,6.175661821391557,0.05410388136661126,0.0,-0.3208264248362419,-0.4967111014515614,3.0565691518941893,-0.1359272160168315,0.061726955721627036,0.0,462.32583312215894,460.83234695075055,461.3040406168167,462.4935504765847
1.4400000000000008,-0.13461566243267004,-0.18237681549373158,12.31749952049496,6.1680919663396345,0.05768589493979892,0.0,-0.3586489938202526,-0.5717609613476552,3.146139193208982,-0.11159081675610803,0.05530496140765503,0.0,444.4871376395193,443.9630238109921,443.6422032601826,445.6210582337115
1.5000000000000009,-0.15727631863432565,-0.21895202313079584,12.508017574541524,6.161716770726141,0.06092387870453475,0.0,-0.3970125071914319,-0.6480156732956792,3.204171489340304,-0.09729051388664797,0.051146218759189975,0.0,435.0800537973415,434.73371449022454,434.81843622004317,436.00455511562274
1.560000000000001,-0.18238397898804562,-0.2603873318734783,12.703326981147637,6.1560242943542605,0.06357878649364412,0.0,-0.44019174172587106,-0.7337123570517653,3.305715981559608,-0.0904375879938608,0.02457391582870787,0.0,449.4291565478434,447.27120807219774,450.6463205346225,451.19240364817665
1.620000000000001,-0.21025280474657496,-0.3073207991987585,12.906582222172807,6.151793755175497,0.06514942408619362,0.0,-0.4889086341209656,-0.8311933845578131,3.4688435038428556,-0.046648059136170254,0.02920490982642655,0.0,468.517331677523,468.8773581829057,468.4232597627328,471.81201892742615
1.680000000000001,-0.24094697343857163,-0.35992015520799364,13.117568369938695,6.148930932900981,0.06688337861138915,0.0,-0.5343888711843544,-0.922367986432381,3.56363168778283,-0.04993426140434832,0.02828089260255986,0.0,449.4645775130252,449.38991034283555,450.064527578676,449.79710948019294
1.740000000000001,-0.2743049496149847,-0.41784895868239846,13.332738330755822,6.1457685229033885,0.06852295965681954,0.0,-0.5776924035688022,-1.008864861869617,3.608453572837792,-0.05892301090295873,0.025345772822941957,0.0,435.21044628379354,434.9648916448637,434.4473265901968,433.69103852373746
1.8000000000000012,-0.31050939091795143,-0.48146337911489884,13.553695303172441,6.142582405208422,0.07028135817001413,0.0,-0.6292703579247827,-1.1119167276647366,3.7561671997373325,-0.043457098276808916,0.03623845150267067,0.0,466.93278737258737,467.78203266287807,466.7634226010001,467.9671312333858
1.8600000000000012,-0.34978760848941237,-0.5512034581691238,13.782606723276768,6.139993496062617,0.07288909294587498,0.0,-0.6802304046419895,-1.2129726403772656,3.87368734727264,-0.042538470411175235,0.054979426533418786,0.0,458.39925191968956,459.8871363013287,459.6385226405125,459.710359639278
1.9200000000000013,-0.3920601374694355,-0.6268224913079705,14.016882475588371,6.137367376451781,0.07667514619126425,0.0,-0.7291852370913205,-1.3078857011247031,3.93515387062206,-0.04634930414795845,0.07574429217690026,0.0,442.3183006041721,444.02801159851936,442.8821625918758,442.5674993816379
1.9800000000000013,-0.4377199954506665,-0.7088846646124731,14.25954749671715,6.135655565656709,0.08150457727904215,0.0,-0.793312549134754,-1.427659719970147,4.152720075890224,-0.006278012991626326,0.08860038661396422,0.0,490.569445443571,491.5276846086348,489.57548577691887,492.5477171580569
2.0400000000000014,-0.4867456700626988,-0.7970947338692754,14.50802399624994,6.135544362719308,0.08641347328536142,0.0,-0.8413203578016838,-1.5127203556081767,4.1297997089129455,0.005783980093634644,0.06263759451470297,0.0,418.8154186418412,416.5565574314243,417.80157533763776,418.8520600792049
2.1000000000000014,-0.5387787214466098,-0.8904914019656349,14.755642496263103,6.135801299012542,0.09043932620824258,0.0,-0.8934576121453344,-1.6004960317897878,4.124068679160453,0.001095507902898709,0.0747839286131386,0.0,423.338701020238,424.3862387438303,424.03969074853336,423.6366182226445
2.1600000000000015,-0.5941801003225843,-0.9894221302149988,15.004698548290202,6.1359938506258445,0.09458594022214939,0.0,-0.9536542691752556,-1.697169865335287,4.177475012004494,0.007133061066299126,0.05425937668800348,0.0,445.18258384249987,443.50333819423173,442.2180242983262,442.71506716762093
2.2200000000000015,-0.653528511250494,-1.0945474653082785,15.259601098999049,6.136236316386851,0.09880777542294084,0.0,-1.0249938352506338,-1.8069093465665262,4.3185997842655475,-0.002998705760125506,0.09119321726099286,0.0,469.9377806260861,472.79537991295075,471.6562336536516,470.87295417110585
2.2800000000000016,-0.7168436476974503,-1.2056512769803034,15.518843378102359,6.135942162910535,0.10372468212737829,0.0,-1.0859829495929292,-1.8965894945283348,4.3226458459975445,-0.009011756951216657,0.04774441251333069,0.0,430.8084028837274,427.1234129527893,430.37070248752474,429.8614756973837
2.3400000000000016,-0.7845417305354375,-1.3230473816297972,15.784374206698566,6.136025907471112,0.10763473622427977,0.0,-1.170949149463868,-2.01653292035836,4.52739076238839,0.016701884887246086,0.08709703807310275,0.0,490.1611028591633,493.0795770247821,491.0873389895614,492.9911572661886
2.4000000000000017,-0.8569602211343764,-1.4469918371898578,16.057799509857997,6.136749247677637,0.11291191182214977,0.0,-1.2434815549511609,-2.114854258552231,4.586386295713184,0.000603721022702312,0.0896108863263241,0.0,450.24994657996734,450.4596119587763,449.90366191746097,448.5980938141858
2.4600000000000017,-0.9334895076083278,-1.5763899248434037,16.331747059133587,6.136313930724318,0.11838041153553469,0.0,-1.3079592497849586,-2.1984780965160793,4.54520962062714,-0.031633699545962166,0.09403777038010727,0.0,418.3964303172557,418.78925289083566,418.4484224907937,415.6321979926696
2.520000000000002,-1.014468724935048,-1.711422065256908,16.607222627610383,6.134555734897511,0.12449935893264197,0.0,-1.39189872543573,-2.3027372431732682,4.636675844658011,-0.025008863903906334,0.11440429558189225,0.0,460.3715482198794,461.98883501832296,460.337170679754,460.8609362638263
2.580000000000002,-1.1001303088919214,-1.8521808577070145,16.88435533458496,6.132658617213078,0.1312468803448894,0.0,-1.4640669439113414,-2.389402644502873,4.601000695019875,-0.05006748323767164,0.10825622688509853,0.0,421.37682869144146,420.8569095260251,422.23488946764303,420.06657167216457
2.640000000000002,-1.1907312515069515,-1.9987424342220208,17.162993956113844,6.129207074655536,0.13788055741786298,0.0,-1.5565697197260095,-2.4962538896027557,4.686268440152623,-0.07980063253483055,0.11480962410604881,0.0,460.2541345308385,460.78289707845,461.78060753148,459.4263777678123
2.700000000000002,-1.286509308634396,-2.1512336417024196,17.443094215831007,6.124050727921901,0.1449400103491314,0.0,-1.63662347964861,-2.5872227093880147,4.650228404089244,-0.10249918897582268,0.12281432793227642,0.0,422.19532922535814,422.8986812448425,424.0213742217336,422.0597484472942
2.760000000000002,-1.3874798902535106,-2.309567245398897,17.72278090645934,6.118479830577455,0.1524345476958766,0.0,-1.7297148700679985,-2.691073354156258,4.6721530706167895,-0.07839877877892694,0.1287959765970384,0.0,442.7424545118103,443.2486047890831,440.94863492026195,442.9277482206622
2.820000000000002,-1.494304019497008,-2.4743690198919555,18.004533121229017,6.113771566797787,0.16013342200159109,0.0,-1.8317761976416247,-2.802728612675203,4.7189490648712065,-0.078615937027562,0.12733499775123933,0.0,451.4742405444104,451.37109605831097,451.703078929337,451.68075882527035
2.880000000000002,-1.6078083832877883,-2.646387868924186,18.291492082491065,6.108894259758955,0.16805565054376004,0.0,-1.9524223344429619,-2.931634775817624,4.845270722235448,-0.08725127152309133,0.1400789022024341,0.0,476.18042413964787,477.1690630974523,478.8045642122554,478.1421918462706
2.940000000000002,-1.7276624286689255,-2.8251668349171344,18.579833664306825,6.104187393010276,0.1761894498105141,0.0,-2.0433920625465323,-3.028104881743668,4.766040868990063,-0.06498251851903922,0.12452860988409659,0.0,414.18003985081276,412.8281957291365,412.1407066398859,414.0989578626258
3.000000000000002,-1.8529945533507937,-3.0097047401741257,18.862787728710185,6.1003457239251,0.18354211110888308,0.0,-2.134959699774997,-3.1235376478576637,4.665809340044176,-0.06218455604740917,0.11825171852544578,0.0,405.5637753474768,405.0146582596079,406.67386445978525,406.9210464239168
3.0600000000000023,-1.98552295364616,-3.2015865571537065,19.148042272029603,6.096296101397527,0.19030832082927684,0.0,-2.2832722887652213,-3.272803923759641,4.841289854686864,-0.08108132767369407,0.0986007747515587,0.0,496.2676511801946,494.83263523813724,494.66471359265586,493.26795839377957
3.1200000000000023,-2.1252814811728302,-3.400771155234418,19.434500342896314,6.091034557942779,0.1965815980549852,0.0,-2.3758740472925868,-3.3671551187293662,4.707495152696581,-0.10613220135368144,0.11437890359087176,0.0,396.5044559741632,397.9624806632239,397.84755735234904,395.5389213924364
3.1800000000000024,-2.2717118906745504,-3.6066807915067605,19.717878596267187,6.08532537615028,0.20370902830202287,0.0,-2.5057331873453137,-3.4970089110459748,4.737684400045514,-0.07923662840152212,0.12640148197046464,0.0,452.968046034862,453.9463033461981,451.23733436990574,453.3957688119968
3.2400000000000024,-2.425974052673566,-3.820395136259773,20.002517822328702,6.080038484115869,0.21134938184315555,0.0,-2.636982967941299,-3.6272197303698275,4.749604391968389,-0.11908313259280967,0.12914985864653888,0.0,448.4157865972868,448.65365891637066,450.31928854103853,447.07655938190135
3.3000000000000025,-2.588796079754783,-4.042541308882784,20.290238898944523,6.072930127546336,0.21920468586016018,0.0,-2.7910691457236534,-3.7782396589811773,4.839854124983067,-0.11727981587563063,0.134245474335208,0.0,474.4970249107029,474.90262325151974,475.34180233358853,475.46838828801936
3.3600000000000025,-2.7599677958134587,-4.272903347799856,20.57863917507863,6.065652478564756,0.22728317662350328,0.0,-2.9153178562748048,-3.9010914061154875,4.773079185821041,-0.13084792814720705,0.13542119998636734,0.0,426.18628517452146,426.3043521681795,427.4755371064687,426.3034074361819
3.4200000000000026,-2.938844409720441,-4.5108688049795065,20.863430402653393,6.057821835495897,0.23561537114931497,0.0,-3.0479073282764753,-4.031731461107558,4.719406889850293,-0.1298453898230676,0.14499603880442496,0.0,431.9229992739047,432.7483261462576,431.80062882007803,431.8690529164085
3.4800000000000026,-3.127445830944469,-4.758318141271214,21.15145838774015,6.049555263748141,0.24443090482027685,0.0,-3.239509523802636,-4.217187872095016,4.879622781448776,-0.16249723225419635,0.15052537437486596,0.0,501.12682234553864,501.54616745600015,502.3943160522262,500.00476752263546
3.5400000000000027,-3.325723747002416,-5.015208343410137,21.44111085734614,6.039850051526184,0.2532802740674258,0.0,-3.3704636750169468,-4.346572866902521,4.775026285809772,-0.16030805886989694,0.14060582575058608,0.0,419.5813482142439,418.74083412545934,420.56955220443626,420.73265174283165
3.6000000000000028,-3.5327390987147136,-5.280702809326867,21.727152618169022,6.029884882191553,0.26158055603791475,0.0,-3.5306951202965493,-4.503995669434113,4.75866922439028,-0.18129227013205879,0.1333718504381886,0.0,451.1911590221713,450.6240307914526,452.45751928451074,450.73819429956905
3.660000000000003,-3.7489743254711114,-5.555310920213806,22.010121724987275,6.018838307319278,0.2706371729016066,0.0,-3.6778170439561366,-4.650432116067007,4.67292523314938,-0.1904306575780577,0.17298098008802673,0.0,428.20626928768013,431.58440426874694,430.5466648723081,429.7384014545913
3.720000000000003,-3.974324937832329,-5.839006396312275,22.2882841209824,6.007583673599104,0.2811433888285553,0.0,-3.83465487334629,-4.8069083853202255,4.598230406962291,-0.18241434448957522,0.17903724927504133,0.0,435.3533762297155,435.89008706335835,435.4517364414106,436.08697772562965
3.780000000000003,-4.208867371355295,-6.131897671649396,22.560524078116064,5.9967766748947575,0.2915953827030515,0.0,-3.9842210166755168,-4.95692420277333,4.475761577143465,-0.17588331063407506,0.16217099475003213,0.0,420.7257957672174,419.293465786747,421.65728070519265,422.1879934992982
3.840000000000003,-4.4539428837379775,-6.435269249037144,22.829732117738075,5.986206050389907,0.3009720793499788,0.0,-4.185632897835925,-5.156191366940046,4.496170031048336,-0.17677028846962867,0.14065260504021665,0.0,472.39688414521794,470.7555553418559,471.63287783237604,471.536406351516
3.900000000000003,-4.711220783628234,-6.7507360786790285,23.099801126643648,5.975253267527993,0.309027212470971,0.0,-4.390836143015752,-5.360104630268844,4.50447814641158,-0.19774217148162962,0.11667958377400282,0.0,472.84661614052436,471.0108796375803,471.4821366212875,469.8279249949519
3.960000000000003,-4.980449475353689,-7.078154060038252,23.368665447973164,5.964122692560824,0.31600638976871487,0.0,-4.5839096232978775,-5.554625248963271,4.456325412446074,-0.16829942395807745,0.11559049778207575,0.0,455.88979831466,455.8144832788416,455.29449650080545,457.6113951583879
4.020000000000002,-5.2611877123444755,-7.417235854618387,23.633889700592295,5.9539053227928225,0.3227977403897091,0.0,-4.774497911063975,-5.748816971945327,4.3832909319635,-0.17459381930887166,0.10789811559293157,0.0,450.90097938315193,450.290115725533,450.97380003308587,450.43753625950785
4.080000000000001,-5.553009054571112,-7.767685717302523,23.893238555278735,5.943413339509949,0.3294549450036941,0.0,-4.95336771497994,-5.933607355474745,4.260743282798954,-0.17541635876897915,0.11644950678081276,0.0,435.23147827026827,435.9579337122688,436.4557222891307,436.3570003199808
4.14,-5.854927746127507,-8.128658846497537,24.14302363593317,5.932740443859386,0.33690472952640516,0.0,-5.111191387115741,-6.099641475399501,4.064916065296478,-0.1833254339020461,0.13629487007781796,0.0,410.5589237213513,412.3315689966174,411.0873944662849,410.3522627040106
4.199999999999998,-6.167786681339394,-8.501078240277694,24.38453519218607,5.921746889493715,0.3452096809419656,0.0,-5.317948755262754,-6.315043506350991,3.9839599979216542,-0.183027894012716,0.14234790658662722,0.0,454.74619396839927,455.2481806310336,454.4160413554158,454.4081944716284
4.259999999999997,-6.4920262549268175,-8.885452941281198,24.61796154790534,5.91086018233373,0.3536903383104848,0.0,-5.4906647183412955,-6.498232135204163,3.7961000264900204,-0.17845824541315236,0.1392600073972696,0.0,418.9664284775515,418.717706380856,419.57387577911686,419.9365743015761
4.319999999999996,-6.82808838245129,-9.282291483828041,24.843293579380667,5.899791049719109,0.3621219411226706,0.0,-5.711876465165655,-6.7303692176802405,3.7132496054200432,-0.20060404337918306,0.14294417275425486,0.0,459.23480596429545,459.5446643858245,461.3838735773586,459.5993179226639
4.379999999999995,-7.177735322842341,-9.693409247806532,25.06382975421894,5.8876468070208645,0.37072450477533714,0.0,-5.943444020340688,-6.974228887594787,3.6359813793762124,-0.20626461013297118,0.14422515310642461,0.0,465.68109832514256,465.79946128360024,466.7448564965749,466.26464019744634
4.439999999999993,-7.541294316940807,-10.119228907374687,25.279170233263272,5.874903455131657,0.379108205917432,0.0,-6.175586284298072,-7.220437124213893,3.540040352347226,-0.22886910218886955,0.1287511982071538,0.0,464.6893714657915,463.4915028751772,465.4360648605614,463.6199732937432
4.499999999999992,-7.917908672167992,-10.559017401743837,25.486175260650413,5.861157483801563,0.3871042462604688,0.0,-6.378671490561013,-7.4399943808222,3.3586556056462844,-0.22956347612225222,0.14103353644598976,0.0,437.53049278952176,438.56873308295735,437.937194609972,437.8263718317786
4.559999999999991,-8.306328730037372,-11.01166878468501,25.68094504137994,5.847423018426744,0.3952486216818265,0.0,-6.569178444595663,-7.649225642529951,3.1324154988896367,-0.22762998765724593,0.12221427863000194,0.0,426.364582959586,424.77080728194824,423.4337438423304,423.54518327909744
4.6199999999999894,-8.706149229025582,-11.476913240376277,25.86160416403111,5.833671551380101,0.40261073785791357,0.0,-6.758651328085631,-7.859786626738617,2.8883551115626473,-0.2325050711078594,0.12365889264954288,0.0,421.19030306335094,421.32980332931817,420.6145575484513,420.1364048344126
4.679999999999988,-9.11760070894876,-11.955136373231143,26.027720834914923,5.819896123378818,0.4098450261785729,0.0,-6.956832667915155,-8.081824150900816,2.6474826665714435,-0.22432901311038855,0.1135520146016076,0.0,425.52435624381974,424.67174307956293,425.5652219623308,426.20976516474167
4.739999999999987,-9.541351354706691,-12.447183394981051,26.179764205335246,5.806606966288507,0.41626191237178034,0.0,-7.168538283455011,-8.320537039831613,2.419040407971917,-0.21634154287325555,0.08854182665482276,0.0,435.70809589540994,433.62135604566026,433.5152540965974,434.1361820737656
4.799999999999986,-9.977543916524407,-12.953375287391276,26.317127654753605,5.794342211606143,0.4212152688358026,0.0,-7.3715710541471315,-8.553380042484196,2.1583942252424615,-0.1875137394110876,0.06657071241434771,0.0,426.5416491154717,424.66613684618363,424.16520495542704,426.59061893526325
4.859999999999984,-10.427303119753152,-13.475090366182853,26.441165441863742,5.783054535032315,0.4256781841603656,0.0,-7.62048555161349,-8.837769750150326,1.9741623762659792,-0.1893835098273371,0.08664030273203926,0.0,458.9652118363896,460.559873566962,458.950394150746,458.76873194807894
4.919999999999983,-10.890003692726616,-14.01186550382948,26.549845713852626,5.7716853917383375,0.43141357890067944,0.0,-7.803381125681787,-9.055696239007183,1.647490224652962,-0.1896906026440001,0.10922661702194583,0.0,406.0758012050833,408.1061540537134,406.72085676293796,406.65476085278954
4.979999999999982,-11.363492179456474,-14.561599993327476,26.638158695519092,5.760076127706583,0.4379424177363438,0.0,-7.98013840256264,-9.269782604037156,1.2952588230431343,-0.20241791452519015,0.10797642026846513,0.0,398.63190079790155,398.52951481804365,399.7368648586305,398.5334185208259
5.0399999999999805,-11.84801712389133,-15.12472169782626,26.705707423152106,5.748704674316432,0.44420968545050954,0.0,-8.171178844078288,-9.501893606803607,0.955056164990319,-0.17165601874765038,0.09627634457659573,0.0,407.3826224760654,406.34520080440836,406.81579952966547,409.5226367970222
